% demo C
function [X,A,B,C] = demoC
X = zeros(4,4,4);

X(1,1,1) = 1;
X(1,2,3) = 1;
X(2,3,1) = 1;
X(2,4,3) = 1;
X(3,1,2) = 1;
X(3,2,4) = 1;
X(4,3,2) = 1;
X(4,4,4) = 1;
A = [1 0 0 1; 0 1 0 -1; 0 0 1 1; 1 1 0 0; -1 0 1 0; 0 0 0 1; 1 0 0 0];
A = A';
B = [1 0 0 1; 0 1 0 1; 1 0 0 0 ;0 0 0 1; 1 0 1 0; -1 1 0 0; 0 0 1 -1];
B = B';
C = [1 0 0 1; 1 0 0 0; 0 0 1 -1; -1 1 0 0; 0 0 0 1; 1 0 1 0; 0 1 0 1];
C = C';
%X = Pro(A,B,C);
end